5  2.4713  0.13354  2.2807
6  2.4221  0.11426  2.2776
7  2.3972  0.091306  2.2475
8  2.3176  0.077346  2.2165
9  2.281  0.051973  2.1812
10  2.2466  0.059272  2.1781
11  2.2271  0.050402  2.1649
12  2.1865  0.0468  2.1477
13  2.1865  0.038636  2.1241
14  2.1787  0.033117  2.1308
15  2.1698  0.030764  2.115
16  2.1716  0.01927  2.1517
17  2.1573  0.017347  2.1392
18  2.1641  0.022368  2.1259
19  2.1433  0.01368  2.1313
20  2.1381  0.018651  2.1101
21  2.1494  0.0092248  2.1304
22  2.1335  0.023739  2.0915
23  2.1353  0.023314  2.1016
24  2.1206  0.010047  2.1076
25  2.1312  0.018373  2.1084
26  2.115  0.016134  2.0904
27  2.1221  0.011958  2.1063
28  2.1358  0.0095035  2.124
29  2.1267  0.025244  2.0972
30  2.1304  0.023868  2.097
31  2.1185  0.014751  2.1022
32  2.1126  0.012068  2.0905
33  2.1211  0.0094539  2.1108
34  2.1171  0.021526  2.0895
35  2.124  0.023128  2.0866
36  2.1283  0.024116  2.0925
37  2.1184  0.018508  2.0929
38  2.1229  0.026518  2.0865
39  2.1215  0.016773  2.098
40  2.1265  0.030021  2.1005
41  2.1264  0.028076  2.0704
42  2.1216  0.022077  2.0854
43  2.1281  0.017437  2.1013
44  2.1188  0.018889  2.0966
45  2.1306  0.030947  2.0895
46  2.1216  0.023106  2.0798
47  2.1361  0.035167  2.0932
48  2.1287  0.023485  2.1003
49  2.1233  0.029905  2.0832
50  2.1208  0.020895  2.0862
51  2.1237  0.013871  2.0911
52  2.1359  0.020324  2.1063
53  2.1454  0.040829  2.1097
54  2.1245  0.028492  2.0851
55  2.1368  0.038541  2.0969
56  2.1456  0.036506  2.0948
57  2.1148  0.019908  2.0877
58  2.1316  0.049704  2.0663
59  2.1425  0.03927  2.0775
60  2.1362  0.020843  2.0969
61  2.1324  0.02774  2.0955
62  2.1239  0.029215  2.0816
63  2.1287  0.024924  2.102
64  2.1572  0.048604  2.0964
65  2.1672  0.034073  2.1128
66  2.1634  0.045328  2.0843
67  2.1318  0.025915  2.0778
68  2.1687  0.046242  2.1121
69  2.1534  0.068726  2.1035
70  2.1338  0.036094  2.0803
